version 1
nodes
  0 "Cylinder01" -1
  1 "Cylinder03" -1
end
skeleton
  time 0
    0 -1.403982 -0.498074 0.000000 0.000000 0.000000 0.357792
    1 -0.000971 1.121348 0.000000 0.000000 0.000000 0.000000
end
triangles
hugeleaf.bmp
  1 6.529029 1.661348 0.000000 0.894427 0.000000 -0.447214 0.419608 0.835294
  1 -2.870971 9.591348 5.850000 0.000000 0.316198 -0.948693 0.090196 0.039216
  1 10.409029 1.711348 7.730000 0.666678 0.666678 -0.333289 0.117647 0.972549
hugeleaf.bmp
  1 10.409029 1.711348 7.730000 0.666678 0.666678 -0.333289 0.117647 0.972549
  1 -2.870971 9.591348 5.850000 0.000000 0.316198 -0.948693 0.090196 0.039216
  1 6.529029 1.661348 0.000000 0.894427 0.000000 -0.447214 0.419608 0.835294
hugeleaf.bmp
  1 -2.870971 9.591348 5.850000 0.000000 0.316198 -0.948693 0.090196 0.039216
  1 -0.000971 5.991348 0.000000 0.000000 -0.447214 -0.894427 0.415686 0.129412
  1 6.529029 1.661348 0.000000 0.894427 0.000000 -0.447214 0.419608 0.835294
hugeleaf.bmp
  1 6.529029 1.661348 0.000000 0.894427 0.000000 -0.447214 0.419608 0.835294
  1 -0.000971 5.991348 0.000000 0.000000 -0.447214 -0.894427 0.415686 0.129412
  1 -2.870971 9.591348 5.850000 0.000000 0.316198 -0.948693 0.090196 0.039216
hugeleaf.bmp
  1 -0.000971 5.991348 0.000000 0.000000 -0.447214 -0.894427 0.415686 0.129412
  1 -10.520971 1.141348 5.530000 -0.577350 -0.577350 -0.577350 0.109804 0.976471
  1 -2.870971 9.591348 5.850000 0.000000 0.316198 -0.948693 0.090196 0.039216
hugeleaf.bmp
  1 -2.870971 9.591348 5.850000 0.000000 0.316198 -0.948693 0.090196 0.039216
  1 -10.520971 1.141348 5.530000 -0.577350 -0.577350 -0.577350 0.109804 0.976471
  1 -0.000971 5.991348 0.000000 0.000000 -0.447214 -0.894427 0.415686 0.129412
hugeleaf.bmp
  1 -10.520971 1.141348 5.530000 -0.577350 -0.577350 -0.577350 0.109804 0.976471
  1 -3.350971 1.291348 0.000000 0.000000 0.242512 -0.970148 0.419608 0.839216
  1 -0.000971 5.991348 0.000000 0.000000 -0.447214 -0.894427 0.415686 0.129412
hugeleaf.bmp
  1 -0.000971 5.991348 0.000000 0.000000 -0.447214 -0.894427 0.415686 0.129412
  1 -3.350971 1.291348 0.000000 0.000000 0.242512 -0.970148 0.419608 0.839216
  1 -10.520971 1.141348 5.530000 -0.577350 -0.577350 -0.577350 0.109804 0.976471
hugeleaf.bmp
  1 -3.350971 1.291348 0.000000 0.000000 0.242512 -0.970148 0.419608 0.839216
  1 -6.310971 -9.208652 6.270000 0.666678 0.666678 -0.333289 0.094118 0.043137
  1 -10.520971 1.141348 5.530000 -0.577350 -0.577350 -0.577350 0.109804 0.976471
hugeleaf.bmp
  1 -10.520971 1.141348 5.530000 -0.577350 -0.577350 -0.577350 0.109804 0.976471
  1 -6.310971 -9.208652 6.270000 0.666678 0.666678 -0.333289 0.094118 0.043137
  1 -3.350971 1.291348 0.000000 0.000000 0.242512 -0.970148 0.419608 0.839216
hugeleaf.bmp
  1 -6.310971 -9.208652 6.270000 0.666678 0.666678 -0.333289 0.094118 0.043137
  1 -1.060971 -4.548652 0.000000 0.577350 0.577350 -0.577350 0.415686 0.125490
  1 -3.350971 1.291348 0.000000 0.000000 0.242512 -0.970148 0.419608 0.839216
hugeleaf.bmp
  1 -3.350971 1.291348 0.000000 0.000000 0.242512 -0.970148 0.419608 0.839216
  1 -1.060971 -4.548652 0.000000 0.577350 0.577350 -0.577350 0.415686 0.125490
  1 -6.310971 -9.208652 6.270000 0.666678 0.666678 -0.333289 0.094118 0.043137
hugeleaf.bmp
  1 -1.060971 -4.548652 0.000000 0.577350 0.577350 -0.577350 0.415686 0.125490
  1 10.409029 1.711348 7.730000 0.666678 0.666678 -0.333289 0.125490 0.980392
  1 -6.310971 -9.208652 6.270000 0.666678 0.666678 -0.333289 0.094118 0.043137
hugeleaf.bmp
  1 -6.310971 -9.208652 6.270000 0.666678 0.666678 -0.333289 0.094118 0.043137
  1 10.409029 1.711348 7.730000 0.666678 0.666678 -0.333289 0.125490 0.980392
  1 -1.060971 -4.548652 0.000000 0.577350 0.577350 -0.577350 0.415686 0.125490
hugeleaf.bmp
  1 10.409029 1.711348 7.730000 0.666678 0.666678 -0.333289 0.125490 0.980392
  1 6.529029 1.661348 0.000000 0.894427 0.000000 -0.447214 0.415686 0.831373
  1 -1.060971 -4.548652 0.000000 0.577350 0.577350 -0.577350 0.415686 0.125490
hugeleaf.bmp
  1 -1.060971 -4.548652 0.000000 0.577350 0.577350 -0.577350 0.415686 0.125490
  1 6.529029 1.661348 0.000000 0.894427 0.000000 -0.447214 0.415686 0.831373
  1 10.409029 1.711348 7.730000 0.666678 0.666678 -0.333289 0.125490 0.980392
hugeleaf.bmp
  0 -10.687765 -2.965580 18.070000 -0.348089 0.888571 -0.298790 0.952941 0.396078
  0 -9.265025 -3.458545 18.730000 0.165306 0.003000 0.986238 0.941176 0.396078
  0 0.872132 0.352929 0.000000 0.132006 0.329615 0.934842 0.941176 0.003922
hugeleaf.bmp
  0 0.872132 0.352929 0.000000 0.132006 0.329615 0.934842 0.941176 0.003922
  0 -9.265025 -3.458545 18.730000 0.165306 0.003000 0.986238 0.941176 0.396078
  0 -1.457966 -3.037815 0.000000 0.377795 -0.831788 0.406694 0.925490 0.003922
hugeleaf.bmp
  0 -9.265025 -3.458545 18.730000 0.165306 0.003000 0.986238 0.941176 0.396078
  0 -10.011865 -4.773358 18.070000 0.158098 -0.958585 -0.236896 0.925490 0.396078
  0 -1.457966 -3.037815 0.000000 0.377795 -0.831788 0.406694 0.925490 0.003922
hugeleaf.bmp
  0 -1.457966 -3.037815 0.000000 0.377795 -0.831788 0.406694 0.925490 0.003922
  0 -10.011865 -4.773358 18.070000 0.158098 -0.958585 -0.236896 0.925490 0.396078
  0 -3.110942 1.383278 0.000000 -0.435207 0.315305 -0.843313 0.952941 0.003922
hugeleaf.bmp
  0 -10.011865 -4.773358 18.070000 0.158098 -0.958585 -0.236896 0.925490 0.396078
  0 -10.687765 -2.965580 18.070000 -0.348089 0.888571 -0.298790 0.952941 0.396078
  0 -3.110942 1.383278 0.000000 -0.435207 0.315305 -0.843313 0.952941 0.003922
hugeleaf.bmp
  0 -3.110942 1.383278 0.000000 -0.435207 0.315305 -0.843313 0.952941 0.003922
  0 -10.687765 -2.965580 18.070000 -0.348089 0.888571 -0.298790 0.952941 0.396078
  0 0.872132 0.352929 0.000000 0.132006 0.329615 0.934842 0.941176 0.003922
hugeleaf.bmp
  0 -23.217555 -9.486557 26.209999 -0.339908 0.920921 -0.190704 0.952941 0.725490
  0 -22.538122 -10.075939 27.139999 0.076804 -0.069103 0.994649 0.941176 0.725490
  0 -9.265025 -3.458545 18.730000 0.165306 0.003000 0.986238 0.941176 0.396078
hugeleaf.bmp
  0 -9.265025 -3.458545 18.730000 0.165306 0.003000 0.986238 0.941176 0.396078
  0 -22.538122 -10.075939 27.139999 0.076804 -0.069103 0.994649 0.941176 0.725490
  0 -10.011865 -4.773358 18.070000 0.158098 -0.958585 -0.236896 0.925490 0.396078
hugeleaf.bmp
  0 -22.538122 -10.075939 27.139999 0.076804 -0.069103 0.994649 0.941176 0.725490
  0 -22.664228 -10.966500 26.209999 0.160099 -0.552795 -0.817793 0.925490 0.725490
  0 -10.011865 -4.773358 18.070000 0.158098 -0.958585 -0.236896 0.925490 0.396078
hugeleaf.bmp
  0 -10.011865 -4.773358 18.070000 0.158098 -0.958585 -0.236896 0.925490 0.396078
  0 -22.664228 -10.966500 26.209999 0.160099 -0.552795 -0.817793 0.925490 0.725490
  0 -10.687765 -2.965580 18.070000 -0.348089 0.888571 -0.298790 0.952941 0.396078
hugeleaf.bmp
  0 -22.664228 -10.966500 26.209999 0.160099 -0.552795 -0.817793 0.925490 0.725490
  0 -23.217555 -9.486557 26.209999 -0.339908 0.920921 -0.190704 0.952941 0.725490
  0 -10.687765 -2.965580 18.070000 -0.348089 0.888571 -0.298790 0.952941 0.396078
hugeleaf.bmp
  0 -10.687765 -2.965580 18.070000 -0.348089 0.888571 -0.298790 0.952941 0.396078
  0 -23.217555 -9.486557 26.209999 -0.339908 0.920921 -0.190704 0.952941 0.725490
  0 -9.265025 -3.458545 18.730000 0.165306 0.003000 0.986238 0.941176 0.396078
hugeleaf.bmp
  0 -11.623487 8.417593 29.760000 0.057197 0.991753 -0.114695 0.952941 0.396078
  0 -10.354484 6.308439 30.830000 0.246689 -0.177192 0.952758 0.941176 0.396078
  0 3.017195 1.240343 0.000000 0.367705 0.065801 0.927612 0.941176 0.003922
hugeleaf.bmp
  0 3.017195 1.240343 0.000000 0.367705 0.065801 0.927612 0.941176 0.003922
  0 -10.354484 6.308439 30.830000 0.246689 -0.177192 0.952758 0.941176 0.396078
  0 -2.279227 -0.270157 0.000000 0.063999 -0.927385 0.368594 0.925490 0.003922
hugeleaf.bmp
  0 -10.354484 6.308439 30.830000 0.246689 -0.177192 0.952758 0.941176 0.396078
  0 -12.651694 5.428196 29.760000 -0.412726 -0.855454 -0.312820 0.925490 0.396078
  0 -2.279227 -0.270157 0.000000 0.063999 -0.927385 0.368594 0.925490 0.003922
hugeleaf.bmp
  0 -2.279227 -0.270157 0.000000 0.063999 -0.927385 0.368594 0.925490 0.003922
  0 -12.651694 5.428196 29.760000 -0.412726 -0.855454 -0.312820 0.925490 0.396078
  0 -0.222814 5.708636 0.000000 -0.302390 0.741876 -0.598481 0.952941 0.003922
hugeleaf.bmp
  0 -12.651694 5.428196 29.760000 -0.412726 -0.855454 -0.312820 0.925490 0.396078
  0 -11.623487 8.417593 29.760000 0.057197 0.991753 -0.114695 0.952941 0.396078
  0 -0.222814 5.708636 0.000000 -0.302390 0.741876 -0.598481 0.952941 0.003922
hugeleaf.bmp
  0 -0.222814 5.708636 0.000000 -0.302390 0.741876 -0.598481 0.952941 0.003922
  0 -11.623487 8.417593 29.760000 0.057197 0.991753 -0.114695 0.952941 0.396078
  0 3.017195 1.240343 0.000000 0.367705 0.065801 0.927612 0.941176 0.003922
hugeleaf.bmp
  0 -28.634955 13.683539 47.029999 0.057197 0.991753 -0.114695 0.952941 0.725490
  0 -28.432419 12.542190 48.230000 0.091700 -0.139999 0.985896 0.941176 0.725490
  0 -10.354484 6.308439 30.830000 0.246689 -0.177192 0.952758 0.941176 0.396078
hugeleaf.bmp
  0 -10.354484 6.308439 30.830000 0.246689 -0.177192 0.952758 0.941176 0.396078
  0 -28.432419 12.542190 48.230000 0.091700 -0.139999 0.985896 0.941176 0.725490
  0 -12.651694 5.428196 29.760000 -0.412726 -0.855454 -0.312820 0.925490 0.396078
hugeleaf.bmp
  0 -28.432419 12.542190 48.230000 0.091700 -0.139999 0.985896 0.941176 0.725490
  0 -29.293437 11.761197 47.029999 -0.167806 -0.405115 -0.898734 0.925490 0.725490
  0 -12.651694 5.428196 29.760000 -0.412726 -0.855454 -0.312820 0.925490 0.396078
hugeleaf.bmp
  0 -12.651694 5.428196 29.760000 -0.412726 -0.855454 -0.312820 0.925490 0.396078
  0 -29.293437 11.761197 47.029999 -0.167806 -0.405115 -0.898734 0.925490 0.725490
  0 -11.623487 8.417593 29.760000 0.057197 0.991753 -0.114695 0.952941 0.396078
hugeleaf.bmp
  0 -29.293437 11.761197 47.029999 -0.167806 -0.405115 -0.898734 0.925490 0.725490
  0 -28.634955 13.683539 47.029999 0.057197 0.991753 -0.114695 0.952941 0.725490
  0 -11.623487 8.417593 29.760000 0.057197 0.991753 -0.114695 0.952941 0.396078
hugeleaf.bmp
  0 -11.623487 8.417593 29.760000 0.057197 0.991753 -0.114695 0.952941 0.396078
  0 -28.634955 13.683539 47.029999 0.057197 0.991753 -0.114695 0.952941 0.725490
  0 -10.354484 6.308439 30.830000 0.246689 -0.177192 0.952758 0.941176 0.396078
hugeleaf.bmp
  0 -6.796728 2.418018 41.480000 -0.318992 0.906377 -0.276993 0.952941 0.396078
  0 -4.276253 0.616628 42.820000 0.381513 -0.072302 0.921531 0.941176 0.396078
  0 6.266696 1.686601 0.000000 0.394413 0.463415 0.793527 0.941176 0.003922
hugeleaf.bmp
  0 6.266696 1.686601 0.000000 0.394413 0.463415 0.793527 0.941176 0.003922
  0 -4.276253 0.616628 42.820000 0.381513 -0.072302 0.921531 0.941176 0.396078
  0 1.027216 -2.631774 0.000000 0.161804 -0.984726 0.064302 0.925490 0.003922
hugeleaf.bmp
  0 -4.276253 0.616628 42.820000 0.381513 -0.072302 0.921531 0.941176 0.396078
  0 -6.479910 -1.541795 41.480000 -0.285203 -0.914110 -0.288203 0.925490 0.396078
  0 1.027216 -2.631774 0.000000 0.161804 -0.984726 0.064302 0.925490 0.003922
hugeleaf.bmp
  0 1.027216 -2.631774 0.000000 0.161804 -0.984726 0.064302 0.925490 0.003922
  0 -6.479910 -1.541795 41.480000 -0.285203 -0.914110 -0.288203 0.925490 0.396078
  0 0.415650 5.114612 0.000000 -0.641673 0.587476 -0.493080 0.952941 0.003922
hugeleaf.bmp
  0 -6.479910 -1.541795 41.480000 -0.285203 -0.914110 -0.288203 0.925490 0.396078
  0 -6.796728 2.418018 41.480000 -0.318992 0.906377 -0.276993 0.952941 0.396078
  0 0.415650 5.114612 0.000000 -0.641673 0.587476 -0.493080 0.952941 0.003922
hugeleaf.bmp
  0 0.415650 5.114612 0.000000 -0.641673 0.587476 -0.493080 0.952941 0.003922
  0 -6.796728 2.418018 41.480000 -0.318992 0.906377 -0.276993 0.952941 0.396078
  0 6.266696 1.686601 0.000000 0.394413 0.463415 0.793527 0.941176 0.003922
hugeleaf.bmp
  0 -22.763479 0.035471 69.959999 -0.182099 0.958192 -0.220698 0.952941 0.725490
  0 -22.013201 -1.114609 71.379997 0.182390 -0.131093 0.974448 0.941176 0.725490
  0 -4.276253 0.616628 42.820000 0.381513 -0.072302 0.921531 0.941176 0.396078
hugeleaf.bmp
  0 -4.276253 0.616628 42.820000 0.381513 -0.072302 0.921531 0.941176 0.396078
  0 -22.013201 -1.114609 71.379997 0.182390 -0.131093 0.974448 0.941176 0.725490
  0 -6.479910 -1.541795 41.480000 -0.285203 -0.914110 -0.288203 0.925490 0.396078
hugeleaf.bmp
  0 -22.013201 -1.114609 71.379997 0.182390 -0.131093 0.974448 0.941176 0.725490
  0 -22.578570 -2.372248 69.959999 -0.099800 -0.548002 -0.830502 0.925490 0.725490
  0 -6.479910 -1.541795 41.480000 -0.285203 -0.914110 -0.288203 0.925490 0.396078
hugeleaf.bmp
  0 -6.479910 -1.541795 41.480000 -0.285203 -0.914110 -0.288203 0.925490 0.396078
  0 -22.578570 -2.372248 69.959999 -0.099800 -0.548002 -0.830502 0.925490 0.725490
  0 -6.796728 2.418018 41.480000 -0.318992 0.906377 -0.276993 0.952941 0.396078
hugeleaf.bmp
  0 -22.578570 -2.372248 69.959999 -0.099800 -0.548002 -0.830502 0.925490 0.725490
  0 -22.763479 0.035471 69.959999 -0.182099 0.958192 -0.220698 0.952941 0.725490
  0 -6.796728 2.418018 41.480000 -0.318992 0.906377 -0.276993 0.952941 0.396078
hugeleaf.bmp
  0 -6.796728 2.418018 41.480000 -0.318992 0.906377 -0.276993 0.952941 0.396078
  0 -22.763479 0.035471 69.959999 -0.182099 0.958192 -0.220698 0.952941 0.725490
  0 -4.276253 0.616628 42.820000 0.381513 -0.072302 0.921531 0.941176 0.396078
hugeleaf.bmp
  0 -22.664228 -10.966500 26.209999 0.160099 -0.552795 -0.817793 0.925490 0.725490
  0 -22.538122 -10.075939 27.139999 0.076804 -0.069103 0.994649 0.941176 0.725490
  0 -32.811590 -15.635876 26.990000 0.343006 -0.919417 -0.192404 0.937255 0.992157
hugeleaf.bmp
  0 -32.811590 -15.635876 26.990000 0.343006 -0.919417 -0.192404 0.937255 0.992157
  0 -22.538122 -10.075939 27.139999 0.076804 -0.069103 0.994649 0.941176 0.725490
  0 -33.277365 -14.390102 26.990000 -0.138698 0.319195 0.937485 0.952941 0.992157
hugeleaf.bmp
  0 -22.538122 -10.075939 27.139999 0.076804 -0.069103 0.994649 0.941176 0.725490
  0 -23.217555 -9.486557 26.209999 -0.339908 0.920921 -0.190704 0.952941 0.725490
  0 -33.277365 -14.390102 26.990000 -0.138698 0.319195 0.937485 0.952941 0.992157
hugeleaf.bmp
  0 -33.277365 -14.390102 26.990000 -0.138698 0.319195 0.937485 0.952941 0.992157
  0 -23.217555 -9.486557 26.209999 -0.339908 0.920921 -0.190704 0.952941 0.725490
  0 -32.811590 -15.635876 26.990000 0.343006 -0.919417 -0.192404 0.925490 0.992157
hugeleaf.bmp
  0 -23.217555 -9.486557 26.209999 -0.339908 0.920921 -0.190704 0.952941 0.725490
  0 -22.664228 -10.966500 26.209999 0.160099 -0.552795 -0.817793 0.925490 0.725490
  0 -32.811590 -15.635876 26.990000 0.343006 -0.919417 -0.192404 0.925490 0.992157
hugeleaf.bmp
  0 -29.293437 11.761197 47.029999 -0.167806 -0.405115 -0.898734 0.925490 0.725490
  0 -28.432419 12.542190 48.230000 0.091700 -0.139999 0.985896 0.941176 0.725490
  0 -44.203424 17.631359 50.580002 -0.093499 -0.976990 -0.191698 0.937255 0.992157
hugeleaf.bmp
  0 -44.203424 17.631359 50.580002 -0.093499 -0.976990 -0.191698 0.937255 0.992157
  0 -28.432419 12.542190 48.230000 0.091700 -0.139999 0.985896 0.941176 0.725490
  0 -43.907659 18.467918 50.580002 0.019801 0.307813 0.951241 0.952941 0.992157
hugeleaf.bmp
  0 -28.432419 12.542190 48.230000 0.091700 -0.139999 0.985896 0.941176 0.725490
  0 -28.634955 13.683539 47.029999 0.057197 0.991753 -0.114695 0.952941 0.725490
  0 -43.907659 18.467918 50.580002 0.019801 0.307813 0.951241 0.952941 0.992157
hugeleaf.bmp
  0 -43.907659 18.467918 50.580002 0.019801 0.307813 0.951241 0.952941 0.992157
  0 -28.634955 13.683539 47.029999 0.057197 0.991753 -0.114695 0.952941 0.725490
  0 -44.203424 17.631359 50.580002 -0.093499 -0.976990 -0.191698 0.925490 0.992157
hugeleaf.bmp
  0 -28.634955 13.683539 47.029999 0.057197 0.991753 -0.114695 0.952941 0.725490
  0 -29.293437 11.761197 47.029999 -0.167806 -0.405115 -0.898734 0.925490 0.725490
  0 -44.203424 17.631359 50.580002 -0.093499 -0.976990 -0.191698 0.925490 0.992157
hugeleaf.bmp
  0 -22.578570 -2.372248 69.959999 -0.099800 -0.548002 -0.830502 0.925490 0.725490
  0 -22.013201 -1.114609 71.379997 0.182390 -0.131093 0.974448 0.941176 0.725490
  0 -41.447889 -3.501956 79.370003 0.158098 -0.958585 -0.236896 0.937255 0.992157
hugeleaf.bmp
  0 -41.447889 -3.501956 79.370003 0.158098 -0.958585 -0.236896 0.937255 0.992157
  0 -22.013201 -1.114609 71.379997 0.182390 -0.131093 0.974448 0.941176 0.725490
  0 -41.585411 -1.706409 79.370003 -0.034399 0.389990 0.920176 0.952941 0.992157
hugeleaf.bmp
  0 -22.013201 -1.114609 71.379997 0.182390 -0.131093 0.974448 0.941176 0.725490
  0 -22.763479 0.035471 69.959999 -0.182099 0.958192 -0.220698 0.952941 0.725490
  0 -41.585411 -1.706409 79.370003 -0.034399 0.389990 0.920176 0.952941 0.992157
hugeleaf.bmp
  0 -41.585411 -1.706409 79.370003 -0.034399 0.389990 0.920176 0.952941 0.992157
  0 -22.763479 0.035471 69.959999 -0.182099 0.958192 -0.220698 0.952941 0.725490
  0 -41.447889 -3.501956 79.370003 0.158098 -0.958585 -0.236896 0.925490 0.992157
hugeleaf.bmp
  0 -22.763479 0.035471 69.959999 -0.182099 0.958192 -0.220698 0.952941 0.725490
  0 -22.578570 -2.372248 69.959999 -0.099800 -0.548002 -0.830502 0.925490 0.725490
  0 -41.447889 -3.501956 79.370003 0.158098 -0.958585 -0.236896 0.925490 0.992157
hugeleaf.bmp
  0 -53.240181 21.213474 52.150002 -0.063100 -0.132300 0.989199 0.435294 0.215686
  0 -62.186133 24.295728 48.849998 -0.063100 -0.132300 0.989199 0.435294 0.498039
  0 -55.226341 10.478056 45.130001 -0.063100 -0.132300 0.989199 0.094118 0.227451
hugeleaf.bmp
  0 -55.226341 10.478056 45.130001 -0.063100 -0.132300 0.989199 0.094118 0.227451
  0 -62.186133 24.295728 48.849998 -0.063100 -0.132300 0.989199 0.435294 0.498039
  0 -66.411944 11.698038 40.450001 -0.063100 -0.132300 0.989199 0.039216 0.529412
hugeleaf.bmp
  0 -57.733240 36.914266 40.450001 -0.048401 0.205205 0.977522 0.831373 0.529412
  0 -62.186133 24.295728 48.849998 -0.048401 0.205205 0.977522 0.435294 0.498039
  0 -48.159225 30.981441 45.130001 -0.048401 0.205205 0.977522 0.776471 0.227451
hugeleaf.bmp
  0 -48.159225 30.981441 45.130001 -0.048401 0.205205 0.977522 0.776471 0.227451
  0 -62.186133 24.295728 48.849998 -0.048401 0.205205 0.977522 0.435294 0.498039
  0 -53.240181 21.213474 52.150002 -0.048401 0.205205 0.977522 0.435294 0.215686
hugeleaf.bmp
  0 -53.240181 21.213474 52.150002 0.063100 0.132300 -0.989199 0.435294 0.215686
  0 -55.226341 10.478056 45.130001 0.063100 0.132300 -0.989199 0.094118 0.227451
  0 -62.186133 24.295728 48.849998 0.063100 0.132300 -0.989199 0.435294 0.498039
hugeleaf.bmp
  0 -62.186133 24.295728 48.849998 0.063100 0.132300 -0.989199 0.435294 0.498039
  0 -55.226341 10.478056 45.130001 0.063100 0.132300 -0.989199 0.094118 0.227451
  0 -66.411944 11.698038 40.450001 0.063100 0.132300 -0.989199 0.039216 0.529412
hugeleaf.bmp
  0 -57.733240 36.914266 40.450001 0.048401 -0.205205 -0.977522 0.831373 0.529412
  0 -48.159225 30.981441 45.130001 0.048401 -0.205205 -0.977522 0.776471 0.227451
  0 -62.186133 24.295728 48.849998 0.048401 -0.205205 -0.977522 0.435294 0.498039
hugeleaf.bmp
  0 -62.186133 24.295728 48.849998 0.048401 -0.205205 -0.977522 0.435294 0.498039
  0 -48.159225 30.981441 45.130001 0.048401 -0.205205 -0.977522 0.776471 0.227451
  0 -53.240181 21.213474 52.150002 0.048401 -0.205205 -0.977522 0.435294 0.215686
hugeleaf.bmp
  0 -65.959981 11.888373 65.459999 0.121296 -0.225492 -0.966665 0.831373 0.529412
  0 -52.252900 9.892281 71.209999 0.121296 -0.225492 -0.966665 0.776471 0.227451
  0 -65.025605 -4.459685 77.239998 0.121296 -0.225492 -0.966665 0.435294 0.498039
hugeleaf.bmp
  0 -65.025605 -4.459685 77.239998 0.121296 -0.225492 -0.966665 0.435294 0.498039
  0 -52.252900 9.892281 71.209999 0.121296 -0.225492 -0.966665 0.776471 0.227451
  0 -53.429443 -3.551090 81.300003 0.121296 -0.225492 -0.966665 0.435294 0.215686
hugeleaf.bmp
  0 -41.636433 -9.593765 21.049999 -0.082995 0.255485 0.963244 0.776471 0.227451
  0 -39.833601 -17.556673 28.160000 -0.082995 0.255485 0.963244 0.435294 0.215686
  0 -33.277365 -14.390102 26.990000 -0.082995 0.255485 0.963244 0.450980 0.000000
hugeleaf.bmp
  0 -32.811590 -15.635876 26.990000 0.022500 0.008400 0.999712 0.423529 0.000000
  0 -33.277365 -14.390102 26.990000 0.022500 0.008400 0.999712 0.450980 0.000000
  0 -39.833601 -17.556673 28.160000 0.022500 0.008400 0.999712 0.435294 0.215686
hugeleaf.bmp
  0 -39.833601 -17.556673 28.160000 0.104996 -0.247190 0.963262 0.435294 0.215686
  0 -35.970086 -24.749123 21.049999 0.104996 -0.247190 0.963262 0.094118 0.227451
  0 -32.811590 -15.635876 26.990000 0.104996 -0.247190 0.963262 0.423529 0.000000
hugeleaf.bmp
  0 -46.446506 -20.029133 25.700001 0.053201 -0.284105 0.957316 0.435294 0.498039
  0 -35.970086 -24.749123 21.049999 0.053201 -0.284105 0.957316 0.094118 0.227451
  0 -39.833601 -17.556673 28.160000 0.053201 -0.284105 0.957316 0.435294 0.215686
hugeleaf.bmp
  0 -35.970086 -24.749123 21.049999 0.056397 -0.249789 0.966657 0.094118 0.227451
  0 -46.446506 -20.029133 25.700001 0.056397 -0.249789 0.966657 0.435294 0.498039
  0 -42.990049 -29.359530 17.559999 0.056397 -0.249789 0.966657 0.039216 0.529412
hugeleaf.bmp
  0 -49.955665 -10.729116 17.559999 -0.121296 0.225492 0.966665 0.831373 0.529412
  0 -46.446506 -20.029133 25.700001 -0.121296 0.225492 0.966665 0.435294 0.498039
  0 -41.636433 -9.593765 21.049999 -0.121296 0.225492 0.966665 0.776471 0.227451
hugeleaf.bmp
  0 -39.833601 -17.556673 28.160000 -0.146302 0.249303 0.957311 0.435294 0.215686
  0 -41.636433 -9.593765 21.049999 -0.146302 0.249303 0.957311 0.776471 0.227451
  0 -46.446506 -20.029133 25.700001 -0.146302 0.249303 0.957311 0.435294 0.498039
hugeleaf.bmp
  0 -52.684743 -22.361510 19.850000 -0.029499 -0.279287 0.959755 0.435294 0.788235
  0 -42.990049 -29.359530 17.559999 -0.029499 -0.279287 0.959755 0.039216 0.529412
  0 -46.446506 -20.029133 25.700001 -0.029499 -0.279287 0.959755 0.435294 0.498039
hugeleaf.bmp
  0 -54.841602 -16.164410 11.670000 -0.329420 0.274317 0.903456 0.737255 0.858824
  0 -52.684743 -22.361510 19.850000 -0.329420 0.274317 0.903456 0.435294 0.788235
  0 -49.955665 -10.729116 17.559999 -0.329420 0.274317 0.903456 0.831373 0.529412
hugeleaf.bmp
  0 -46.446506 -20.029133 25.700001 -0.205492 0.191392 0.959761 0.435294 0.498039
  0 -49.955665 -10.729116 17.559999 -0.205492 0.191392 0.959761 0.831373 0.529412
  0 -52.684743 -22.361510 19.850000 -0.205492 0.191392 0.959761 0.435294 0.788235
hugeleaf.bmp
  0 -52.684743 -22.361510 19.850000 -0.483183 0.203793 0.851471 0.435294 0.788235
  0 -54.841602 -16.164410 11.670000 -0.483183 0.203793 0.851471 0.737255 0.858824
  0 -55.597795 -23.450654 10.520000 -0.483183 0.203793 0.851471 0.435294 0.996078
hugeleaf.bmp
  0 -50.246887 -28.453551 11.670000 -0.068702 -0.423211 0.903423 0.145098 0.858824
  0 -42.990049 -29.359530 17.559999 -0.068702 -0.423211 0.903423 0.039216 0.529412
  0 -52.684743 -22.361510 19.850000 -0.068702 -0.423211 0.903423 0.435294 0.788235
hugeleaf.bmp
  0 -55.597795 -23.450654 10.520000 -0.230992 -0.470785 0.851472 0.435294 0.996078
  0 -50.246887 -28.453551 11.670000 -0.230992 -0.470785 0.851472 0.145098 0.858824
  0 -52.684743 -22.361510 19.850000 -0.230992 -0.470785 0.851472 0.435294 0.788235
hugeleaf.bmp
  0 -46.446506 -20.029133 25.700001 -0.053201 0.284105 -0.957316 0.435294 0.498039
  0 -39.833601 -17.556673 28.160000 -0.053201 0.284105 -0.957316 0.435294 0.215686
  0 -35.970086 -24.749123 21.049999 -0.053201 0.284105 -0.957316 0.094118 0.227451
hugeleaf.bmp
  0 -35.970086 -24.749123 21.049999 -0.056397 0.249789 -0.966657 0.094118 0.227451
  0 -42.990049 -29.359530 17.559999 -0.056397 0.249789 -0.966657 0.039216 0.529412
  0 -46.446506 -20.029133 25.700001 -0.056397 0.249789 -0.966657 0.435294 0.498039
hugeleaf.bmp
  0 -49.955665 -10.729116 17.559999 0.121296 -0.225492 -0.966665 0.831373 0.529412
  0 -41.636433 -9.593765 21.049999 0.121296 -0.225492 -0.966665 0.776471 0.227451
  0 -46.446506 -20.029133 25.700001 0.121296 -0.225492 -0.966665 0.435294 0.498039
hugeleaf.bmp
  0 -39.833601 -17.556673 28.160000 0.146302 -0.249303 -0.957311 0.435294 0.215686
  0 -46.446506 -20.029133 25.700001 0.146302 -0.249303 -0.957311 0.435294 0.498039
  0 -41.636433 -9.593765 21.049999 0.146302 -0.249303 -0.957311 0.776471 0.227451
hugeleaf.bmp
  0 -52.684743 -22.361510 19.850000 0.029499 0.279287 -0.959755 0.435294 0.788235
  0 -46.446506 -20.029133 25.700001 0.029499 0.279287 -0.959755 0.435294 0.498039
  0 -42.990049 -29.359530 17.559999 0.029499 0.279287 -0.959755 0.039216 0.529412
hugeleaf.bmp
  0 -54.841602 -16.164410 11.670000 0.329420 -0.274317 -0.903456 0.737255 0.858824
  0 -49.955665 -10.729116 17.559999 0.329420 -0.274317 -0.903456 0.831373 0.529412
  0 -52.684743 -22.361510 19.850000 0.329420 -0.274317 -0.903456 0.435294 0.788235
hugeleaf.bmp
  0 -46.446506 -20.029133 25.700001 0.205492 -0.191392 -0.959761 0.435294 0.498039
  0 -52.684743 -22.361510 19.850000 0.205492 -0.191392 -0.959761 0.435294 0.788235
  0 -49.955665 -10.729116 17.559999 0.205492 -0.191392 -0.959761 0.831373 0.529412
hugeleaf.bmp
  0 -52.684743 -22.361510 19.850000 0.483183 -0.203793 -0.851471 0.435294 0.788235
  0 -55.597795 -23.450654 10.520000 0.483183 -0.203793 -0.851471 0.435294 0.996078
  0 -54.841602 -16.164410 11.670000 0.483183 -0.203793 -0.851471 0.737255 0.858824
hugeleaf.bmp
  0 -50.246887 -28.453551 11.670000 0.068702 0.423211 -0.903423 0.145098 0.858824
  0 -52.684743 -22.361510 19.850000 0.068702 0.423211 -0.903423 0.435294 0.788235
  0 -42.990049 -29.359530 17.559999 0.068702 0.423211 -0.903423 0.039216 0.529412
hugeleaf.bmp
  0 -55.597795 -23.450654 10.520000 0.230992 0.470785 -0.851472 0.435294 0.996078
  0 -52.684743 -22.361510 19.850000 0.230992 0.470785 -0.851472 0.435294 0.788235
  0 -50.246887 -28.453551 11.670000 0.230992 0.470785 -0.851472 0.145098 0.858824
hugeleaf.bmp
  0 -35.970086 -24.749123 21.049999 -0.104996 0.247190 -0.963262 0.094118 0.227451
  0 -39.833601 -17.556673 28.160000 -0.104996 0.247190 -0.963262 0.435294 0.215686
  0 -32.811590 -15.635876 26.990000 -0.104996 0.247190 -0.963262 0.423529 0.000000
hugeleaf.bmp
  0 -32.811590 -15.635876 26.990000 -0.022500 -0.008400 -0.999712 0.423529 0.000000
  0 -39.833601 -17.556673 28.160000 -0.022500 -0.008400 -0.999712 0.435294 0.215686
  0 -33.277365 -14.390102 26.990000 -0.022500 -0.008400 -0.999712 0.450980 0.000000
hugeleaf.bmp
  0 -33.277365 -14.390102 26.990000 0.082995 -0.255485 -0.963244 0.450980 0.000000
  0 -39.833601 -17.556673 28.160000 0.082995 -0.255485 -0.963244 0.435294 0.215686
  0 -41.636433 -9.593765 21.049999 0.082995 -0.255485 -0.963244 0.776471 0.227451
hugeleaf.bmp
  0 -48.159225 30.981441 45.130001 0.024701 0.144206 0.989239 0.776471 0.227451
  0 -53.240181 21.213474 52.150002 0.024701 0.144206 0.989239 0.435294 0.215686
  0 -43.907659 18.467918 50.580002 0.024701 0.144206 0.989239 0.450980 0.000000
hugeleaf.bmp
  0 -44.203424 17.631359 50.580002 0.022500 0.008400 0.999712 0.423529 0.000000
  0 -43.907659 18.467918 50.580002 0.022500 0.008400 0.999712 0.450980 0.000000
  0 -53.240181 21.213474 52.150002 0.022500 0.008400 0.999712 0.435294 0.215686
hugeleaf.bmp
  0 -53.240181 21.213474 52.150002 0.022201 -0.184110 0.982655 0.435294 0.215686
  0 -55.226341 10.478056 45.130001 0.022201 -0.184110 0.982655 0.094118 0.227451
  0 -44.203424 17.631359 50.580002 0.022201 -0.184110 0.982655 0.423529 0.000000
hugeleaf.bmp
  0 -70.628980 27.203102 41.020000 -0.156404 -0.036301 0.987026 0.435294 0.788235
  0 -66.411944 11.698038 40.450001 -0.156404 -0.036301 0.987026 0.039216 0.529412
  0 -62.186133 24.295728 48.849998 -0.156404 -0.036301 0.987026 0.435294 0.498039
hugeleaf.bmp
  0 -67.413982 35.451362 32.560001 -0.224211 0.426121 0.876442 0.737255 0.858824
  0 -70.628980 27.203102 41.020000 -0.224211 0.426121 0.876442 0.435294 0.788235
  0 -57.733240 36.914266 40.450001 -0.224211 0.426121 0.876442 0.831373 0.529412
hugeleaf.bmp
  0 -62.186133 24.295728 48.849998 -0.147795 0.284990 0.947068 0.435294 0.498039
  0 -57.733240 36.914266 40.450001 -0.147795 0.284990 0.947068 0.831373 0.529412
  0 -70.628980 27.203102 41.020000 -0.147795 0.284990 0.947068 0.435294 0.788235
hugeleaf.bmp
  0 -70.628980 27.203102 41.020000 -0.346787 0.513381 0.784971 0.435294 0.788235
  0 -67.413982 35.451362 32.560001 -0.346787 0.513381 0.784971 0.737255 0.858824
  0 -74.411600 28.553949 31.010000 -0.346787 0.513381 0.784971 0.435294 0.996078
hugeleaf.bmp
  0 -73.148899 18.809033 32.560001 -0.251989 -0.051498 0.966359 0.145098 0.858824
  0 -66.411944 11.698038 40.450001 -0.251989 -0.051498 0.966359 0.039216 0.529412
  0 -70.628980 27.203102 41.020000 -0.251989 -0.051498 0.966359 0.435294 0.788235
hugeleaf.bmp
  0 -74.411600 28.553949 31.010000 -0.409123 0.086705 0.908351 0.435294 0.996078
  0 -73.148899 18.809033 32.560001 -0.409123 0.086705 0.908351 0.145098 0.858824
  0 -70.628980 27.203102 41.020000 -0.409123 0.086705 0.908351 0.435294 0.788235
hugeleaf.bmp
  0 -70.628980 27.203102 41.020000 0.156404 0.036301 -0.987026 0.435294 0.788235
  0 -62.186133 24.295728 48.849998 0.156404 0.036301 -0.987026 0.435294 0.498039
  0 -66.411944 11.698038 40.450001 0.156404 0.036301 -0.987026 0.039216 0.529412
hugeleaf.bmp
  0 -67.413982 35.451362 32.560001 0.224211 -0.426121 -0.876442 0.737255 0.858824
  0 -57.733240 36.914266 40.450001 0.224211 -0.426121 -0.876442 0.831373 0.529412
  0 -70.628980 27.203102 41.020000 0.224211 -0.426121 -0.876442 0.435294 0.788235
hugeleaf.bmp
  0 -62.186133 24.295728 48.849998 0.147795 -0.284990 -0.947068 0.435294 0.498039
  0 -70.628980 27.203102 41.020000 0.147795 -0.284990 -0.947068 0.435294 0.788235
  0 -57.733240 36.914266 40.450001 0.147795 -0.284990 -0.947068 0.831373 0.529412
hugeleaf.bmp
  0 -70.628980 27.203102 41.020000 0.346787 -0.513381 -0.784971 0.435294 0.788235
  0 -74.411600 28.553949 31.010000 0.346787 -0.513381 -0.784971 0.435294 0.996078
  0 -67.413982 35.451362 32.560001 0.346787 -0.513381 -0.784971 0.737255 0.858824
hugeleaf.bmp
  0 -73.148899 18.809033 32.560001 0.251989 0.051498 -0.966359 0.145098 0.858824
  0 -70.628980 27.203102 41.020000 0.251989 0.051498 -0.966359 0.435294 0.788235
  0 -66.411944 11.698038 40.450001 0.251989 0.051498 -0.966359 0.039216 0.529412
hugeleaf.bmp
  0 -74.411600 28.553949 31.010000 0.409123 -0.086705 -0.908351 0.435294 0.996078
  0 -70.628980 27.203102 41.020000 0.409123 -0.086705 -0.908351 0.435294 0.788235
  0 -73.148899 18.809033 32.560001 0.409123 -0.086705 -0.908351 0.145098 0.858824
hugeleaf.bmp
  0 -55.226341 10.478056 45.130001 -0.022201 0.184110 -0.982655 0.094118 0.227451
  0 -53.240181 21.213474 52.150002 -0.022201 0.184110 -0.982655 0.435294 0.215686
  0 -44.203424 17.631359 50.580002 -0.022201 0.184110 -0.982655 0.423529 0.000000
hugeleaf.bmp
  0 -44.203424 17.631359 50.580002 -0.022500 -0.008400 -0.999712 0.423529 0.000000
  0 -53.240181 21.213474 52.150002 -0.022500 -0.008400 -0.999712 0.435294 0.215686
  0 -43.907659 18.467918 50.580002 -0.022500 -0.008400 -0.999712 0.450980 0.000000
hugeleaf.bmp
  0 -43.907659 18.467918 50.580002 -0.024701 -0.144206 -0.989239 0.450980 0.000000
  0 -53.240181 21.213474 52.150002 -0.024701 -0.144206 -0.989239 0.435294 0.215686
  0 -48.159225 30.981441 45.130001 -0.024701 -0.144206 -0.989239 0.776471 0.227451
hugeleaf.bmp
  0 -52.252900 9.892281 71.209999 -0.048401 0.205205 0.977522 0.776471 0.227451
  0 -53.429443 -3.551090 81.300003 -0.048401 0.205205 0.977522 0.435294 0.215686
  0 -41.585411 -1.706409 79.370003 -0.048401 0.205205 0.977522 0.450980 0.000000
hugeleaf.bmp
  0 -41.447889 -3.501956 79.370003 0.022500 0.008400 0.999712 0.423529 0.000000
  0 -41.585411 -1.706409 79.370003 0.022500 0.008400 0.999712 0.450980 0.000000
  0 -53.429443 -3.551090 81.300003 0.022500 0.008400 0.999712 0.435294 0.215686
hugeleaf.bmp
  0 -53.429443 -3.551090 81.300003 0.056397 -0.249789 0.966657 0.435294 0.215686
  0 -50.167500 -16.701521 71.209999 0.056397 -0.249789 0.966657 0.094118 0.227451
  0 -41.447889 -3.501956 79.370003 0.056397 -0.249789 0.966657 0.423529 0.000000
hugeleaf.bmp
  0 -65.025605 -4.459685 77.239998 -0.000900 -0.228889 0.973452 0.435294 0.498039
  0 -50.167500 -16.701521 71.209999 -0.000900 -0.228889 0.973452 0.094118 0.227451
  0 -53.429443 -3.551090 81.300003 -0.000900 -0.228889 0.973452 0.435294 0.215686
hugeleaf.bmp
  0 -50.167500 -16.701521 71.209999 0.022201 -0.184110 0.982655 0.094118 0.227451
  0 -65.025605 -4.459685 77.239998 0.022201 -0.184110 0.982655 0.435294 0.498039
  0 -63.394842 -20.814278 65.459999 0.022201 -0.184110 0.982655 0.039216 0.529412
hugeleaf.bmp
  0 -65.959981 11.888373 65.459999 -0.121296 0.225492 0.966665 0.831373 0.529412
  0 -65.025605 -4.459685 77.239998 -0.121296 0.225492 0.966665 0.435294 0.498039
  0 -52.252900 9.892281 71.209999 -0.121296 0.225492 0.966665 0.776471 0.227451
hugeleaf.bmp
  0 -53.429443 -3.551090 81.300003 -0.082995 0.255485 0.963244 0.435294 0.215686
  0 -52.252900 9.892281 71.209999 -0.082995 0.255485 0.963244 0.776471 0.227451
  0 -65.025605 -4.459685 77.239998 -0.082995 0.255485 0.963244 0.435294 0.498039
hugeleaf.bmp
  0 -75.977993 -5.319753 67.599998 -0.091499 -0.190098 0.977492 0.435294 0.788235
  0 -63.394842 -20.814278 65.459999 -0.091499 -0.190098 0.977492 0.039216 0.529412
  0 -65.025605 -4.459685 77.239998 -0.091499 -0.190098 0.977492 0.435294 0.498039
hugeleaf.bmp
  0 -76.165214 5.489186 55.750000 -0.296705 0.363906 0.882915 0.737255 0.858824
  0 -75.977993 -5.319753 67.599998 -0.296705 0.363906 0.882915 0.435294 0.788235
  0 -65.959981 11.888373 65.459999 -0.296705 0.363906 0.882915 0.831373 0.529412
hugeleaf.bmp
  0 -65.025605 -4.459685 77.239998 -0.186989 0.240986 0.952345 0.435294 0.498039
  0 -65.959981 11.888373 65.459999 -0.186989 0.240986 0.952345 0.831373 0.529412
  0 -75.977993 -5.319753 67.599998 -0.186989 0.240986 0.952345 0.435294 0.788235
hugeleaf.bmp
  0 -75.977993 -5.319753 67.599998 -0.457900 0.387100 0.800300 0.435294 0.788235
  0 -76.165214 5.489186 55.750000 -0.457900 0.387100 0.800300 0.737255 0.858824
  0 -80.675250 -5.720118 53.849998 -0.457900 0.387100 0.800300 0.435294 0.996078
hugeleaf.bmp
  0 -74.469343 -16.093703 55.750000 -0.160098 -0.291796 0.942987 0.145098 0.858824
  0 -63.394842 -20.814278 65.459999 -0.160098 -0.291796 0.942987 0.039216 0.529412
  0 -75.977993 -5.319753 67.599998 -0.160098 -0.291796 0.942987 0.435294 0.788235
hugeleaf.bmp
  0 -80.675250 -5.720118 53.849998 -0.352319 -0.260314 0.898948 0.435294 0.996078
  0 -74.469343 -16.093703 55.750000 -0.352319 -0.260314 0.898948 0.145098 0.858824
  0 -75.977993 -5.319753 67.599998 -0.352319 -0.260314 0.898948 0.435294 0.788235
hugeleaf.bmp
  0 -65.025605 -4.459685 77.239998 0.000900 0.228889 -0.973452 0.435294 0.498039
  0 -53.429443 -3.551090 81.300003 0.000900 0.228889 -0.973452 0.435294 0.215686
  0 -50.167500 -16.701521 71.209999 0.000900 0.228889 -0.973452 0.094118 0.227451
hugeleaf.bmp
  0 -50.167500 -16.701521 71.209999 -0.022201 0.184110 -0.982655 0.094118 0.227451
  0 -63.394842 -20.814278 65.459999 -0.022201 0.184110 -0.982655 0.039216 0.529412
  0 -65.025605 -4.459685 77.239998 -0.022201 0.184110 -0.982655 0.435294 0.498039
hugeleaf.bmp
  0 -75.977993 -5.319753 67.599998 0.091499 0.190098 -0.977492 0.435294 0.788235
  0 -65.025605 -4.459685 77.239998 0.091499 0.190098 -0.977492 0.435294 0.498039
  0 -63.394842 -20.814278 65.459999 0.091499 0.190098 -0.977492 0.039216 0.529412
hugeleaf.bmp
  0 -76.165214 5.489186 55.750000 0.296705 -0.363906 -0.882915 0.737255 0.858824
  0 -65.959981 11.888373 65.459999 0.296705 -0.363906 -0.882915 0.831373 0.529412
  0 -75.977993 -5.319753 67.599998 0.296705 -0.363906 -0.882915 0.435294 0.788235
hugeleaf.bmp
  0 -65.025605 -4.459685 77.239998 0.186989 -0.240986 -0.952345 0.435294 0.498039
  0 -75.977993 -5.319753 67.599998 0.186989 -0.240986 -0.952345 0.435294 0.788235
  0 -65.959981 11.888373 65.459999 0.186989 -0.240986 -0.952345 0.831373 0.529412
hugeleaf.bmp
  0 -75.977993 -5.319753 67.599998 0.457900 -0.387100 -0.800300 0.435294 0.788235
  0 -80.675250 -5.720118 53.849998 0.457900 -0.387100 -0.800300 0.435294 0.996078
  0 -76.165214 5.489186 55.750000 0.457900 -0.387100 -0.800300 0.737255 0.858824
hugeleaf.bmp
  0 -74.469343 -16.093703 55.750000 0.160098 0.291796 -0.942987 0.145098 0.858824
  0 -75.977993 -5.319753 67.599998 0.160098 0.291796 -0.942987 0.435294 0.788235
  0 -63.394842 -20.814278 65.459999 0.160098 0.291796 -0.942987 0.039216 0.529412
hugeleaf.bmp
  0 -80.675250 -5.720118 53.849998 0.352319 0.260314 -0.898948 0.435294 0.996078
  0 -75.977993 -5.319753 67.599998 0.352319 0.260314 -0.898948 0.435294 0.788235
  0 -74.469343 -16.093703 55.750000 0.352319 0.260314 -0.898948 0.145098 0.858824
hugeleaf.bmp
  0 -50.167500 -16.701521 71.209999 -0.056397 0.249789 -0.966657 0.094118 0.227451
  0 -53.429443 -3.551090 81.300003 -0.056397 0.249789 -0.966657 0.435294 0.215686
  0 -41.447889 -3.501956 79.370003 -0.056397 0.249789 -0.966657 0.423529 0.000000
hugeleaf.bmp
  0 -41.447889 -3.501956 79.370003 -0.022500 -0.008400 -0.999712 0.423529 0.000000
  0 -53.429443 -3.551090 81.300003 -0.022500 -0.008400 -0.999712 0.435294 0.215686
  0 -41.585411 -1.706409 79.370003 -0.022500 -0.008400 -0.999712 0.450980 0.000000
hugeleaf.bmp
  0 -41.585411 -1.706409 79.370003 0.048401 -0.205205 -0.977522 0.450980 0.000000
  0 -53.429443 -3.551090 81.300003 0.048401 -0.205205 -0.977522 0.435294 0.215686
  0 -52.252900 9.892281 71.209999 0.048401 -0.205205 -0.977522 0.776471 0.227451
end
