version 1
nodes
  0 "joint1" -1
end
skeleton
  time 0
    0 -0.021414 -0.322581 0.128217 1.570796 0.000000 0.000000
end
triangles
skin.bmp
  0 2.268586 -0.992581 0.578217 0.000000 0.000000 0.000000 0.013333 0.285714
  0 0.908586 0.727419 0.118217 -0.942248 0.334917 0.000000 0.386667 0.914286
  0 0.858586 -1.332581 0.118217 -0.985546 0.169408 0.000000 0.226667 0.142857
skin.bmp
  0 0.858586 -1.332581 0.118217 -0.985546 0.169408 0.000000 0.226667 0.142857
  0 0.908586 0.727419 0.118217 -0.942248 0.334917 0.000000 0.386667 0.914286
  0 2.268586 -0.992581 0.578217 0.000000 0.000000 0.000000 0.013333 0.285714
skin.bmp
  0 -2.341414 -0.672581 0.408217 0.000000 0.000000 0.000000 0.800000 0.314286
  0 -0.831414 -1.202581 0.098217 -0.942248 0.334917 0.000000 0.506667 0.142857
  0 -0.811414 0.717419 0.098217 0.000000 1.000000 0.000000 0.666667 0.885714
skin.bmp
  0 -0.811414 0.717419 0.098217 0.000000 1.000000 0.000000 0.666667 0.885714
  0 -0.831414 -1.202581 0.098217 -0.942248 0.334917 0.000000 0.506667 0.142857
  0 -2.341414 -0.672581 0.408217 0.000000 0.000000 0.000000 0.800000 0.314286
skin.bmp
  0 -0.831414 -1.202581 0.098217 -0.942248 0.334917 0.000000 0.506667 0.142857
  0 0.858586 -1.332581 0.118217 -0.985546 0.169408 0.000000 0.226667 0.142857
  0 0.908586 0.727419 0.118217 -0.942248 0.334917 0.000000 0.386667 0.914286
skin.bmp
  0 0.908586 0.727419 0.118217 -0.942248 0.334917 0.000000 0.386667 0.914286
  0 0.858586 -1.332581 0.118217 -0.985546 0.169408 0.000000 0.226667 0.142857
  0 -0.831414 -1.202581 0.098217 -0.942248 0.334917 0.000000 0.506667 0.142857
skin.bmp
  0 -0.811414 0.717419 0.098217 0.000000 1.000000 0.000000 0.666667 0.885714
  0 -0.831414 -1.202581 0.098217 -0.942248 0.334917 0.000000 0.506667 0.142857
  0 0.908586 0.727419 0.118217 -0.942248 0.334917 0.000000 0.386667 0.914286
skin.bmp
  0 0.908586 0.727419 0.118217 -0.942248 0.334917 0.000000 0.386667 0.914286
  0 -0.831414 -1.202581 0.098217 -0.942248 0.334917 0.000000 0.506667 0.142857
  0 -0.811414 0.717419 0.098217 0.000000 1.000000 0.000000 0.666667 0.885714
skin.bmp
  0 2.268586 -0.992581 0.578217 0.000000 0.000000 0.000000 0.013333 0.285714
  0 2.738586 -0.362581 0.898217 0.000000 0.000000 0.000000 0.000000 0.542857
  0 2.378586 0.237419 0.578217 0.000000 0.000000 0.000000 0.106667 0.771429
skin.bmp
  0 2.378586 0.237419 0.578217 0.000000 0.000000 0.000000 0.106667 0.771429
  0 2.738586 -0.362581 0.898217 0.000000 0.000000 0.000000 0.000000 0.542857
  0 2.268586 -0.992581 0.578217 0.000000 0.000000 0.000000 0.013333 0.285714
skin.bmp
  0 2.378586 0.237419 0.578217 0.000000 0.000000 0.000000 0.106667 0.771429
  0 0.908586 0.727419 0.118217 -0.942248 0.334917 0.000000 0.386667 0.914286
  0 2.268586 -0.992581 0.578217 0.000000 0.000000 0.000000 0.013333 0.285714
skin.bmp
  0 2.268586 -0.992581 0.578217 0.000000 0.000000 0.000000 0.013333 0.285714
  0 0.908586 0.727419 0.118217 -0.942248 0.334917 0.000000 0.386667 0.914286
  0 2.378586 0.237419 0.578217 0.000000 0.000000 0.000000 0.106667 0.771429
skin.bmp
  0 -2.361414 0.327419 0.408217 0.000000 0.000000 0.000000 0.893333 0.685714
  0 -3.361414 -0.142581 0.898217 0.000000 0.000000 0.000000 1.000000 0.485714
  0 -2.341414 -0.672581 0.408217 0.000000 0.000000 0.000000 0.800000 0.314286
skin.bmp
  0 -2.341414 -0.672581 0.408217 0.000000 0.000000 0.000000 0.800000 0.314286
  0 -3.361414 -0.142581 0.898217 0.000000 0.000000 0.000000 1.000000 0.485714
  0 -2.361414 0.327419 0.408217 0.000000 0.000000 0.000000 0.893333 0.685714
skin.bmp
  0 -2.341414 -0.672581 0.408217 0.000000 0.000000 0.000000 0.800000 0.314286
  0 -0.811414 0.717419 0.098217 0.000000 1.000000 0.000000 0.666667 0.885714
  0 -2.361414 0.327419 0.408217 0.000000 0.000000 0.000000 0.893333 0.685714
skin.bmp
  0 -2.361414 0.327419 0.408217 0.000000 0.000000 0.000000 0.893333 0.685714
  0 -0.811414 0.717419 0.098217 0.000000 1.000000 0.000000 0.666667 0.885714
  0 -2.341414 -0.672581 0.408217 0.000000 0.000000 0.000000 0.800000 0.314286
end
